5.94915e-31
2.53658e-29
9.70312e-28
3.33093e-26
1.02632e-24
2.83876e-23
7.04975e-22
1.5721e-20
3.1485e-19
5.66375e-18
9.15225e-17
1.32868e-15
1.7331e-14
2.03127e-13
2.13937e-12
2.0249e-11
1.72242e-10
1.31677e-09
9.04764e-09
5.58761e-08
3.10166e-07
1.54758e-06
6.94085e-06
2.79824e-05
0.00010141
0.000330379
0.000967594
0.00254761
0.00603037
0.0128333
0.0245539
0.042238
0.0653264
0.0908407
0.113574
0.127667
0.129026
0.117238
0.0957726
0.0703375
0.0464404
0.0275651
0.0147085
0.0070553
0.00304228
0.00117928
0.000410937
0.000128729
3.62524e-05
9.17841e-06
2.08924e-06
4.27587e-07
7.86862e-08
1.30209e-08
1.9377e-09
2.59337e-10
3.12187e-11
3.38047e-12
3.29301e-13
2.88607e-14
2.27598e-15
1.61522e-16
1.03171e-17
5.93218e-19
3.07124e-20
1.43402e-21
6.17661e-23
3.27946e-24
6.25475e-25
2.70562e-25
1.17963e-25
4.65597e-26
1.65165e-26
5.26358e-27
1.50698e-27
3.87625e-28
8.95802e-29
1.86004e-29
3.47022e-30
5.81736e-31
8.76268e-32
1.18603e-32
1.44244e-33
1.57631e-34
1.54783e-35
1.36561e-36
1.08253e-37
7.70995e-39
4.93331e-40
2.83609e-41
1.46436e-42
6.72623e-44
2.8026e-45
0
0
0
0
0
0
0
