7.72085e-35
7.09159e-33
5.66165e-31
3.93001e-29
2.37264e-27
1.24623e-25
5.69697e-24
2.26734e-22
7.85906e-21
2.37329e-19
6.24602e-18
1.43305e-16
2.86719e-15
5.00377e-14
7.61881e-13
1.01231e-11
1.17393e-10
1.18834e-09
1.05015e-08
8.10239e-08
5.45826e-07
3.21072e-06
1.64922e-05
7.39786e-05
0.000289807
0.000991538
0.00296302
0.00773406
0.0176342
0.0351234
0.0611157
0.0929037
0.123379
0.143146
0.145089
0.128466
0.0993633
0.067131
0.0396149
0.020418
0.00919127
0.0036136
0.00124083
0.000372138
9.74866e-05
2.23086e-05
4.45996e-06
7.79074e-07
1.18926e-07
1.58671e-08
1.85061e-09
1.88716e-10
1.68294e-11
1.31278e-12
8.95957e-14
5.3515e-15
2.79834e-16
1.28153e-17
5.14224e-19
1.80922e-20
5.6278e-22
1.94286e-23
3.80134e-24
2.40108e-24
1.45202e-24
7.68194e-25
3.54541e-25
1.4274e-25
5.01339e-26
1.53625e-26
4.10744e-27
9.58292e-28
1.95109e-28
3.46685e-29
5.37643e-30
7.27719e-31
8.59696e-32
8.86392e-33
7.97603e-34
6.26325e-35
4.2917e-36
2.5659e-37
1.33842e-38
6.09055e-40
2.4178e-41
8.36575e-43
2.38221e-44
0
0
0
0
0
0
0
0
0
0
0
0
0
