1.28738e-28
3.36822e-27
8.05689e-26
1.76389e-24
3.53473e-23
6.48411e-22
1.08889e-20
1.6741e-19
2.35649e-18
3.03712e-17
3.58414e-16
3.87306e-15
3.83252e-14
3.47286e-13
2.88187e-12
2.19006e-11
1.5242e-10
9.7149e-10
5.67092e-09
3.03176e-08
1.48446e-07
6.65701e-07
2.73423e-06
1.02859e-05
3.54412e-05
0.000111851
0.000323327
0.000856093
0.00207627
0.00461251
0.00938612
0.0174958
0.0298735
0.0467243
0.0669434
0.0878579
0.105624
0.116318
0.117337
0.108423
0.0917698
0.0711491
0.0505269
0.0328666
0.0195822
0.0106866
0.00534171
0.0024456
0.00102555
0.000393901
0.000138575
4.46529e-05
1.31793e-05
3.56299e-06
8.82325e-07
2.00145e-07
4.15889e-08
7.91661e-09
1.38053e-09
2.20554e-10
3.22822e-11
4.32925e-12
5.31964e-13
5.98955e-14
6.17977e-15
5.84306e-16
5.06321e-17
4.02121e-18
2.92729e-19
1.95346e-20
1.19564e-21
6.74129e-23
3.64745e-24
2.56093e-25
4.68903e-26
1.58247e-26
5.56066e-27
1.81466e-27
5.42968e-28
1.48765e-28
3.73183e-29
8.57125e-30
1.80249e-30
3.4707e-31
6.119e-32
9.87803e-33
1.46012e-33
1.97623e-34
2.44916e-35
2.77924e-36
2.88776e-37
2.74736e-38
2.39323e-39
1.90879e-40
1.39373e-41
9.31863e-43
5.74532e-44
4.2039e-45
0
0
