0
0
0
0
1.12104e-44
3.08033e-41
5.58285e-38
7.25712e-35
6.76805e-32
4.53099e-29
2.17897e-26
7.53399e-24
1.87533e-21
3.36613e-19
4.36615e-17
4.10372e-15
2.80414e-13
1.39833e-11
5.10998e-10
1.37417e-08
2.72956e-07
4.01667e-06
4.38762e-05
0.000356157
0.00214937
0.00964713
0.032219
0.0801235
0.148485
0.205165
0.211358
0.162253
0.0927428
0.0394437
0.0124796
0.00293897
0.000515814
6.75775e-05
6.62086e-06
4.86023e-07
2.67905e-08
1.11229e-09
3.49434e-11
8.3588e-13
1.53351e-14
2.17114e-16
2.37815e-18
2.00926e-20
1.29862e-22
6.41149e-25
4.48282e-26
2.09911e-25
7.68781e-25
2.08999e-24
4.21743e-24
6.31238e-24
6.99924e-24
5.74242e-24
3.48354e-24
1.56254e-24
5.186e-25
1.27513e-25
2.32556e-26
3.14825e-27
3.16356e-28
2.35794e-29
1.30199e-30
5.31962e-32
1.60712e-33
3.59019e-35
5.93471e-37
7.26813e-39
6.60236e-41
4.44212e-43
2.8026e-45
0
0
0
0
0
0
0
0
0
0
0
0
0
0
0
0
0
0
0
0
0
0
0
0
0
