1.19764e-29
3.9037e-28
1.15376e-26
3.09359e-25
7.52617e-24
1.66147e-22
3.3286e-21
6.05231e-20
9.98871e-19
1.49644e-17
2.03517e-16
2.51282e-15
2.81686e-14
2.86703e-13
2.64959e-12
2.22343e-11
1.69424e-10
1.17233e-09
7.36637e-09
4.20338e-08
2.17817e-07
1.02505e-06
4.38089e-06
1.70041e-05
5.99418e-05
0.00019191
0.00055804
0.00147381
0.00353539
0.00770297
0.0152444
0.0274033
0.0447441
0.0663612
0.0894004
0.109398
0.121597
0.122766
0.112581
0.0937744
0.0709453
0.0487503
0.0304256
0.0172466
0.00887897
0.00415159
0.00176302
0.000679972
0.000238187
7.5778e-05
2.18965e-05
5.74674e-06
1.36993e-06
2.96634e-07
5.83454e-08
1.0425e-08
1.69219e-09
2.49546e-10
3.34355e-11
4.07049e-12
4.50294e-13
4.52675e-14
4.13573e-15
3.43422e-16
2.5921e-17
1.77855e-18
1.1095e-19
6.29468e-21
3.25689e-22
1.58616e-23
9.82491e-25
1.83604e-25
6.93253e-26
2.68689e-26
9.55609e-27
3.08782e-27
9.05773e-28
2.41193e-28
5.8304e-29
1.27947e-29
2.54903e-30
4.61038e-31
7.57051e-32
1.12861e-32
1.52756e-33
1.87708e-34
2.09412e-35
2.12102e-36
1.95032e-37
1.62809e-38
1.23382e-39
8.48823e-41
5.29971e-42
2.99878e-43
1.68156e-44
0
0
0
0
0
