0
0
0
0
0
0
0
0
4.67473e-42
4.86548e-38
3.07278e-34
1.17825e-30
2.74199e-27
3.8784e-24
3.33511e-21
1.74797e-18
5.59467e-16
1.09904e-13
1.33266e-11
1.00722e-09
4.79865e-08
1.46137e-06
2.88036e-05
0.000370809
0.00313083
0.0173461
0.0631144
0.151096
0.238718
0.249136
0.171412
0.0775183
0.0230042
0.00449106
0.000579541
4.97026e-05
2.84663e-06
1.09596e-07
2.87458e-09
5.24233e-11
6.783e-13
6.25074e-15
4.02288e-17
1.74633e-19
4.9426e-22
8.8796e-25
9.96033e-28
1.69568e-29
3.79263e-28
5.73968e-27
5.62974e-26
3.58464e-25
1.48882e-24
4.04767e-24
7.20331e-24
8.36176e-24
6.30117e-24
3.07758e-24
9.7582e-25
2.01831e-25
2.73266e-26
2.42191e-27
1.40017e-28
5.2551e-30
1.27844e-31
2.01927e-33
2.08071e-35
1.40361e-37
6.19845e-40
1.78385e-42
2.8026e-45
0
0
0
0
0
0
0
0
0
0
0
0
0
0
0
0
0
0
0
0
0
0
0
0
0
0
0
0
0
