8.62727e-28
1.87959e-26
3.76763e-25
6.96261e-24
1.18638e-22
1.864e-21
2.70057e-20
3.60802e-19
4.44531e-18
5.05092e-17
5.29279e-16
5.11514e-15
4.55929e-14
3.74812e-13
2.84193e-12
1.98748e-11
1.28201e-10
7.6275e-10
4.18583e-09
2.11882e-08
9.89292e-08
4.26069e-07
1.69263e-06
6.20269e-06
2.0967e-05
6.53787e-05
0.000188055
0.000498986
0.00122138
0.00275788
0.00574472
0.0110391
0.0195691
0.0320027
0.0482814
0.0671973
0.0862786
0.102196
0.111671
0.112569
0.104682
0.0898031
0.0710683
0.0518826
0.03494
0.0217059
0.0124389
0.00657555
0.00320647
0.00144233
0.00059847
0.000229068
8.08777e-05
2.63415e-05
7.91416e-06
2.19344e-06
5.60802e-07
1.32271e-07
2.87807e-08
5.77737e-09
1.06994e-09
1.82813e-10
2.88192e-11
4.19179e-12
5.62569e-13
6.9667e-14
7.96102e-15
8.395e-16
8.1696e-17
7.33718e-18
6.08175e-19
4.65294e-20
3.28617e-21
2.14427e-22
1.301e-23
7.71374e-25
6.00176e-26
1.0779e-26
3.31136e-27
1.07079e-27
3.2504e-28
9.11831e-29
2.35941e-29
5.62996e-30
1.23884e-30
2.51385e-31
4.70415e-32
8.11792e-33
1.29191e-33
1.89605e-34
2.56624e-35
3.20311e-36
3.68701e-37
3.91384e-38
3.83137e-39
3.45875e-40
2.87925e-41
2.21125e-42
1.56945e-43
9.80909e-45
