3.92364e-42
1.44291e-39
4.35146e-37
1.07646e-34
2.18523e-32
3.64182e-30
4.98525e-28
5.60865e-26
5.18948e-24
3.95192e-22
2.47894e-20
1.28197e-18
5.47075e-17
1.92832e-15
5.61926e-14
1.35496e-12
2.70565e-11
4.47729e-10
6.14338e-09
6.99263e-08
6.60477e-07
5.17796e-06
3.36987e-05
0.000182087
0.000816977
0.00304412
0.00942104
0.024221
0.051738
0.091835
0.135465
0.166062
0.16917
0.143198
0.100705
0.0588305
0.0285451
0.0115029
0.00384977
0.00107018
0.00024715
4.74317e-05
7.56721e-06
1.00401e-06
1.10833e-07
1.01846e-08
7.79448e-10
4.97133e-11
2.64435e-12
1.17416e-13
4.35699e-15
1.353e-16
3.52168e-18
7.69619e-20
1.4158e-21
2.44925e-23
4.32339e-24
5.19681e-24
5.53749e-24
4.89288e-24
3.58229e-24
2.173e-24
1.0921e-24
4.54787e-25
1.56955e-25
4.49013e-26
1.06505e-26
2.09514e-27
3.41868e-28
4.62754e-29
5.19623e-30
4.83984e-31
3.73854e-32
2.39442e-33
1.27121e-34
5.59316e-36
2.03912e-37
6.15941e-39
1.5415e-40
3.19636e-42
5.46506e-44
0
0
0
0
0
0
0
0
0
0
0
0
0
0
0
0
0
0
0
