0
0
0
0
0
0
0
0
0
0
0
0
2.8026e-45
2.07457e-39
5.56705e-34
5.49611e-29
1.99648e-24
2.66919e-20
1.31445e-16
2.38941e-13
1.6125e-10
4.10025e-08
4.07092e-06
0.00016944
0.00324915
0.0302651
0.135838
0.295253
0.318769
0.168355
0.0424937
0.0052626
0.000329855
1.05652e-05
1.86072e-07
2.03662e-09
1.34218e-11
4.39102e-14
6.05452e-17
3.24166e-20
6.51686e-24
4.85638e-28
1.33509e-32
1.35165e-37
1.9581e-39
2.14685e-36
1.135e-33
2.77739e-31
3.14584e-29
1.71775e-27
4.52168e-26
5.50933e-25
3.10723e-24
8.44871e-24
1.10747e-23
6.71976e-24
1.88758e-24
2.55653e-25
1.66932e-26
5.04624e-28
7.06439e-30
4.7699e-32
1.55289e-34
2.34138e-37
1.63638e-40
5.46506e-44
0
0
0
0
0
0
0
0
0
0
0
0
0
0
0
0
0
0
0
0
0
0
0
0
0
0
0
0
0
0
0
0
0
0
