7.58718e-38
1.24077e-35
1.72152e-33
2.02716e-31
2.02668e-29
1.72103e-27
1.24191e-25
7.61919e-24
3.97616e-22
1.76599e-20
6.6792e-19
2.15231e-17
5.91241e-16
1.38522e-14
2.7693e-13
4.72601e-12
6.88729e-11
8.57348e-10
9.11846e-09
8.28741e-08
6.43736e-07
4.27399e-06
2.42568e-05
0.00011769
0.00048819
0.00173147
0.00525121
0.0136195
0.0302106
0.0573175
0.0930192
0.12913
0.153338
0.155751
0.135313
0.100541
0.0638866
0.0347138
0.0161285
0.00640731
0.00217645
0.000632181
0.000157035
3.33641e-05
6.06418e-06
9.43125e-07
1.25539e-07
1.43058e-08
1.39606e-09
1.16704e-10
8.36017e-12
5.13413e-13
2.70427e-14
1.2224e-15
4.74521e-17
1.58315e-18
4.54392e-20
1.12677e-21
2.87346e-23
5.52226e-24
4.58654e-24
3.52249e-24
2.31264e-24
1.29605e-24
6.20001e-25
2.53191e-25
8.82738e-26
2.62785e-26
6.68056e-27
1.45054e-27
2.69032e-28
4.26256e-29
5.76966e-30
6.67178e-31
6.59063e-32
5.56118e-33
4.00785e-34
2.46661e-35
1.29621e-36
5.81542e-38
2.22727e-39
7.28157e-41
2.03048e-42
4.90454e-44
0
0
0
0
0
0
0
0
0
0
0
0
0
0
0
0
