0
0
1.39709e-42
1.05859e-39
6.24941e-37
2.87782e-34
1.03415e-31
2.90155e-29
6.36048e-27
1.0902e-24
1.46251e-22
1.53733e-20
1.26793e-18
8.21754e-17
4.19212e-15
1.68635e-13
5.35881e-12
1.34758e-10
2.68589e-09
4.24854e-08
5.33889e-07
5.3337e-06
4.23804e-05
0.000267904
0.0013476
0.00539518
0.017196
0.0436477
0.0882557
0.142194
0.182567
0.186784
0.152244
0.0988313
0.0510821
0.0210171
0.00688333
0.00179489
0.000372803
6.17159e-05
8.14919e-06
8.58999e-07
7.2347e-08
4.87341e-09
2.62881e-10
1.13734e-11
3.95494e-13
1.10833e-14
2.51091e-16
4.61315e-18
6.8915e-20
8.38377e-22
8.71128e-24
1.18886e-24
2.42486e-24
4.1619e-24
5.67435e-24
6.14135e-24
5.27388e-24
3.59233e-24
1.94066e-24
8.31579e-25
2.82735e-25
7.63105e-26
1.63582e-26
2.78623e-27
3.77162e-28
4.05759e-29
3.46846e-30
2.35479e-31
1.2691e-32
5.42706e-34
1.84086e-35
4.95236e-37
1.05681e-38
1.78943e-40
2.40463e-42
2.52234e-44
0
0
0
0
0
0
0
0
0
0
0
0
0
0
0
0
0
0
0
0
0
0
