4.013085e-27
7.490735e-26
1.292421e-24
2.068409e-23
3.071082e-22
4.230425e-21
5.406635e-20
6.411095e-19
7.053585e-18
7.200617e-17
6.820560e-16
5.994713e-15
4.889018e-14
3.699865e-13
2.598164e-12
1.693046e-11
1.023758e-10
5.744554e-10
2.991233e-09
1.445383e-08
6.481249e-08
2.697003e-07
1.041490e-06
3.732359e-06
1.241284e-05
3.831083e-05
1.097335e-04
2.916942e-04
7.195998e-04
1.647527e-03
3.500707e-03
6.903408e-03
1.263451e-02
2.146063e-02
3.383118e-02
4.949753e-02
6.721127e-02
8.470178e-02
9.906818e-02
1.075389e-01
1.083391e-01
1.012956e-01
8.789804e-02
7.078613e-02
5.290473e-02
3.669570e-02
2.362148e-02
1.411131e-02
7.823366e-03
4.025165e-03
1.921923e-03
8.516272e-04
3.502064e-04
1.336473e-04
4.733246e-05
1.555691e-05
4.745217e-06
1.343264e-06
3.528942e-07
8.604220e-08
1.947014e-08
4.089078e-09
7.970558e-10
1.442011e-10
2.421447e-11
3.774147e-12
5.460237e-13
7.332721e-14
9.140978e-15
1.057809e-15
1.136380e-16
1.133329e-17
1.049351e-18
9.020611e-20
7.199968e-21
5.337046e-22
3.678838e-23
2.378843e-24
1.528595e-25
1.294564e-26
2.283982e-27
6.479502e-28
1.950708e-28
5.566100e-29
1.478054e-29
3.643007e-30
8.331043e-31
1.767623e-31
3.479621e-32
6.355206e-33
1.076926e-33
1.693179e-34
2.469919e-35
3.342922e-36
4.197911e-37
4.891059e-38
5.287295e-39
5.303013e-40
4.934772e-41
4.260490e-42
