4.01308e-27
7.49073e-26
1.29242e-24
2.06841e-23
3.07108e-22
4.23042e-21
5.40663e-20
6.41109e-19
7.05358e-18
7.20061e-17
6.82056e-16
5.99471e-15
4.88902e-14
3.69986e-13
2.59816e-12
1.69305e-11
1.02376e-10
5.74455e-10
2.99123e-09
1.44538e-08
6.48125e-08
2.697e-07
1.04149e-06
3.73236e-06
1.24128e-05
3.83108e-05
0.000109733
0.000291694
0.0007196
0.00164753
0.00350071
0.00690341
0.0126345
0.0214606
0.0338312
0.0494975
0.0672113
0.0847018
0.0990682
0.107539
0.108339
0.101296
0.087898
0.0707861
0.0529047
0.0366957
0.0236215
0.0141113
0.00782336
0.00402516
0.00192192
0.000851627
0.000350206
0.000133647
4.73325e-05
1.55569e-05
4.74522e-06
1.34326e-06
3.52894e-07
8.60422e-08
1.94701e-08
4.08908e-09
7.97056e-10
1.44201e-10
2.42145e-11
3.77415e-12
5.46024e-13
7.33272e-14
9.14098e-15
1.05781e-15
1.13638e-16
1.13333e-17
1.04935e-18
9.02061e-20
7.19997e-21
5.33704e-22
3.67884e-23
2.37884e-24
1.52859e-25
1.29456e-26
2.28398e-27
6.4795e-28
1.95071e-28
5.5661e-29
1.47805e-29
3.64301e-30
8.33104e-31
1.76762e-31
3.47962e-32
6.3552e-33
1.07693e-33
1.69318e-34
2.46992e-35
3.34292e-36
4.19791e-37
4.89106e-38
5.28729e-39
5.30299e-40
4.93467e-41
4.26275e-42
