1.25081e-32
7.46021e-31
3.93756e-29
1.83962e-27
7.60944e-26
2.78744e-24
9.04455e-23
2.60013e-21
6.62408e-20
1.49578e-18
2.99439e-17
5.31524e-16
8.36721e-15
1.16827e-13
1.44699e-12
1.58997e-11
1.55007e-10
1.34086e-09
1.02923e-08
7.01068e-08
4.23781e-07
2.2734e-06
1.08237e-05
4.57362e-05
0.000171532
0.000571009
0.00168723
0.00442545
0.010304
0.0212978
0.0390803
0.0636626
0.0920701
0.118212
0.134745
0.136353
0.122491
0.0976841
0.069152
0.0434545
0.0242382
0.0120002
0.00527349
0.00205695
0.000712146
0.000218849
5.96991e-05
1.44564e-05
3.1078e-06
5.93171e-07
1.00526e-07
1.51286e-08
2.022e-09
2.40038e-10
2.53136e-11
2.37169e-12
1.97451e-13
1.46093e-14
9.6083e-16
5.61823e-17
2.9214e-18
1.35129e-19
5.56521e-21
2.07068e-22
9.08148e-24
1.76273e-24
9.01567e-25
4.54215e-25
2.0395e-25
8.12272e-26
2.86891e-26
8.98645e-27
2.49655e-27
6.15171e-28
1.34456e-28
2.60684e-29
4.48347e-30
6.84057e-31
9.25881e-32
1.11174e-32
1.18421e-33
1.11897e-34
9.37909e-36
6.97317e-37
4.59837e-38
2.68942e-39
1.39496e-40
6.41514e-42
2.5924e-43
9.80909e-45
0
0
0
0
0
0
0
0
0
0
