8.43991e-10
5.75255e-09
3.31918e-08
1.70313e-07
7.834e-07
3.23433e-06
1.19911e-05
3.99388e-05
0.000119559
0.00032184
0.000779483
0.0016997
0.00333958
0.00591916
0.00947986
0.0137555
0.0181639
0.0219886
0.0246926
0.0261715
0.0267464
0.026871
0.0267576
0.0262113
0.0248122
0.0223104
0.0189434
0.0154552
0.0128194
0.0118383
0.0128194
0.0154552
0.0189434
0.0223104
0.0248122
0.0262113
0.0267576
0.026871
0.0267464
0.0261715
0.0246926
0.0219886
0.0181639
0.0137555
0.00947987
0.00591916
0.00333959
0.0016997
0.000779483
0.00032184
0.00011956
3.99446e-05
1.20244e-05
3.40468e-06
1.56682e-06
3.40455e-06
1.20235e-05
3.99388e-05
0.000119527
0.000321669
0.0007787
0.00169646
0.0033276
0.00587923
0.00936034
0.0134339
0.0173852
0.0202921
0.021365
0.0202921
0.0173853
0.0134341
0.00936112
0.00588246
0.00333959
0.00173639
0.000898226
0.000643338
0.000898226
0.00173639
0.00333959
0.00588246
0.00936112
0.0134341
0.0173853
0.0202921
0.021365
0.0202921
0.0173852
0.0134339
0.00936034
0.00587923
0.0033276
0.00169646
0.0007787
0.000321669
0.000119526
3.9933e-05
1.199e-05
3.23176e-06
