3.81567e-10
2.23588e-09
1.0944e-08
4.82984e-08
1.95613e-07
7.29729e-07
2.50967e-06
7.95997e-06
2.32891e-05
6.28701e-05
0.00015664
0.000360295
0.000765386
0.00150237
0.00272667
0.00457977
0.00712834
0.0103019
0.0138642
0.0174486
0.020659
0.0231944
0.0249298
0.0259045
0.026226
0.0259594
0.0250839
0.0235539
0.0214242
0.0189509
0.0165909
0.0148817
0.0142567
0.0148817
0.0165909
0.0189509
0.0214242
0.0235539
0.0250839
0.0259594
0.026226
0.0259045
0.0249298
0.0231944
0.020659
0.0174486
0.0138642
0.0103019
0.00712834
0.00457977
0.00272667
0.00150237
0.000765397
0.000360344
0.000156835
6.35998e-05
2.57984e-05
1.59177e-05
2.57878e-05
6.35515e-05
0.00015664
0.000359614
0.000762888
0.00149442
0.00270339
0.00451695
0.00697189
0.00994237
0.0131014
0.0159542
0.0179554
0.0186767
0.0179556
0.0159549
0.0131039
0.00995032
0.00699517
0.00457977
0.00285983
0.00185398
0.00152575
0.00185398
0.00285983
0.00457977
0.00699517
0.00995032
0.0131039
0.0159549
0.0179556
0.0186767
0.0179554
0.0159542
0.0131014
0.00994237
0.0069719
0.00451695
0.00270339
0.0014944
0.000762667
0.000357233
