5.71141e-20
2.80739e-16
5.07765e-13
3.38057e-10
8.29336e-08
7.51795e-06
0.000253731
0.00325315
0.0166885
0.0386058
0.0490492
0.0386133
0.0169423
0.00650629
0.0169423
0.0386133
0.0490492
0.0386058
0.0166885
0.00325315
0.000253814
1.50359e-05
0.000253814
0.00325315
0.0166885
0.0386058
0.0490492
0.0386133
0.0169423
0.00650629
0.0169423
0.0386133
0.0490492
0.0386058
0.0166885
0.00325315
0.000253731
7.51795e-06
8.29336e-08
3.38057e-10
5.07765e-13
2.80739e-16
5.71141e-20
4.27489e-24
1.17713e-28
1.19244e-33
8.8876e-39
1.19244e-33
1.17713e-28
4.27489e-24
5.71141e-20
2.80739e-16
5.07765e-13
3.38057e-10
8.29336e-08
7.51795e-06
0.000253731
0.00325315
0.0166885
0.0386058
0.0490491
0.0386058
0.0166885
0.00325315
0.000253731
7.51795e-06
8.29336e-08
3.38057e-10
5.07765e-13
5.61478e-16
5.07765e-13
3.38057e-10
8.29336e-08
7.51795e-06
0.000253731
0.00325315
0.0166885
0.0386058
0.0490491
0.0386058
0.0166885
0.00325315
0.000253731
7.51795e-06
8.29336e-08
3.38057e-10
5.07765e-13
2.80739e-16
5.71141e-20
4.27489e-24
1.17713e-28
1.19244e-33
4.4438e-39
5.60519e-45
0
0
0
0
0
0
