4.82473e-10
6.00673e-09
6.10825e-08
5.10625e-07
3.51372e-06
1.99277e-05
9.32871e-05
0.000361112
0.00115831
0.00308611
0.00684812
0.012695
0.0197358
0.0258856
0.0290072
0.0286101
0.0264871
0.0253501
0.0264871
0.0286106
0.0290107
0.0259055
0.0198291
0.0130561
0.00800643
0.00617222
0.00800643
0.0130561
0.0198291
0.0259055
0.0290107
0.0286106
0.0264871
0.0253501
0.0264871
0.0286101
0.0290072
0.0258856
0.0197358
0.012695
0.00684812
0.00308611
0.00115831
0.000361112
9.32871e-05
1.99277e-05
3.51372e-06
5.10625e-07
6.10848e-08
6.04094e-09
9.71305e-10
6.04094e-09
6.10848e-08
5.10625e-07
3.51372e-06
1.99276e-05
9.32866e-05
0.000361105
0.00115825
0.0030856
0.0068446
0.0126751
0.0196425
0.0255245
0.027849
0.0255245
0.0196425
0.0126751
0.00684461
0.0030856
0.00115831
0.000361616
9.68003e-05
3.98553e-05
9.68003e-05
0.000361616
0.00115831
0.0030856
0.00684461
0.0126751
0.0196425
0.0255245
0.027849
0.0255245
0.0196425
0.0126751
0.00684461
0.0030856
0.00115825
0.000361105
9.32866e-05
1.99276e-05
3.51372e-06
5.10625e-07
6.10831e-08
6.00871e-09
4.85653e-10
3.22301e-11
1.75531e-12
7.8417e-14
