1.83885e-10
1.0205e-09
4.68493e-09
1.94325e-08
7.4573e-08
2.66334e-07
8.86683e-07
2.75315e-06
7.97477e-06
2.15532e-05
5.43616e-05
0.000127982
0.000281311
0.000577487
0.00110761
0.00198587
0.0033308
0.00523137
0.00770491
0.0106627
0.013903
0.0171436
0.0200883
0.0224993
0.0242433
0.0252885
0.0256609
0.0253949
0.0245167
0.023074
0.021195
0.0191292
0.0172337
0.015894
0.0154098
0.015894
0.0172337
0.0191292
0.021195
0.023074
0.0245167
0.0253949
0.0256609
0.0252885
0.0242433
0.0224993
0.0200883
0.0171436
0.013903
0.0106627
0.00770491
0.00523137
0.0033308
0.00198589
0.00110769
0.000577754
0.000282198
0.000130734
6.23317e-05
4.3087e-05
6.22618e-05
0.000130469
0.000281311
0.000575002
0.00109972
0.00196436
0.00327651
0.00510365
0.00742449
0.0100879
0.0128033
0.015179
0.016811
0.0173932
0.0168118
0.0151818
0.0128112
0.0101095
0.00747877
0.00523137
0.00355693
0.00253907
0.00219928
0.00253907
0.00355693
0.00523137
0.00747877
0.0101095
0.0128112
0.0151818
0.0168118
0.0173932
0.016811
0.015179
0.0128033
0.0100879
0.00742448
0.00510349
0.00327369
0.00193571
