6.85891e-10
4.38528e-09
2.3649e-08
1.14186e-07
4.99147e-07
1.97909e-06
7.12123e-06
2.3262e-05
6.90068e-05
0.000185974
0.000455526
0.00101459
0.00205617
0.00379466
0.00638481
0.00981213
0.0138116
0.0178869
0.0214631
0.0241142
0.0257303
0.0265025
0.0267202
0.0265238
0.0257989
0.0243
0.0219186
0.0189014
0.0158677
0.0136068
0.0127696
0.0136068
0.0158677
0.0189014
0.0219186
0.0243
0.0257989
0.0265238
0.0267202
0.0265025
0.0257304
0.0241142
0.0214631
0.0178869
0.0138116
0.00981214
0.00638481
0.00379466
0.00205617
0.00101459
0.000455527
0.000185979
6.90305e-05
2.33762e-05
7.6204e-06
3.9581e-06
7.61965e-06
2.33718e-05
6.90068e-05
0.000185864
0.000455028
0.00101261
0.00204905
0.0037714
0.00631583
0.00962628
0.0133565
0.0168742
0.019414
0.0203427
0.019414
0.0168744
0.013357
0.00962826
0.00632295
0.00379466
0.00211803
0.00119847
0.000910054
0.00119847
0.00211803
0.00379466
0.00632295
0.00962826
0.013357
0.0168744
0.019414
0.0203427
0.019414
0.0168742
0.0133565
0.00962628
0.00631583
0.0037714
0.00204905
0.00101261
0.000455027
0.00018586
6.89794e-05
2.32138e-05
