2.28157e-11
7.62129e-10
1.83047e-08
3.16546e-07
3.9494e-06
3.56505e-05
0.00023374
0.00111922
0.00394274
0.0103143
0.0202604
0.0302331
0.0346931
0.0313167
0.0241992
0.020628
0.0241992
0.0313167
0.0346931
0.0302335
0.0202644
0.01035
0.00417648
0.00223843
0.00417648
0.01035
0.0202644
0.0302335
0.0346932
0.0313167
0.0241992
0.020628
0.0241992
0.0313167
0.0346931
0.0302331
0.0202604
0.0103143
0.00394274
0.00111922
0.00023374
3.56505e-05
3.9494e-06
3.16546e-07
1.83047e-08
7.6213e-10
2.28161e-11
4.90731e-13
1.51465e-14
4.90731e-13
2.28161e-11
7.62129e-10
1.83047e-08
3.16546e-07
3.9494e-06
3.56505e-05
0.00023374
0.00111922
0.00394272
0.010314
0.0202565
0.0301975
0.0344594
0.0301975
0.0202565
0.010314
0.00394272
0.00111922
0.00023374
3.56513e-05
3.9677e-06
6.33092e-07
3.9677e-06
3.56513e-05
0.00023374
0.00111922
0.00394272
0.010314
0.0202565
0.0301975
0.0344594
0.0301975
0.0202565
0.010314
0.00394272
0.00111922
0.00023374
3.56505e-05
3.9494e-06
3.16546e-07
1.83047e-08
7.6213e-10
2.28161e-11
4.90647e-13
7.57325e-15
8.38657e-17
6.66068e-19
3.79274e-21
1.54821e-23
4.52993e-26
