2.18819e-13
2.53732e-11
1.7892e-09
7.67732e-08
2.01102e-06
3.22601e-05
0.000319256
0.00196896
0.00770469
0.0196217
0.0336456
0.0401139
0.0339628
0.0215906
0.0154094
0.0215906
0.0339628
0.0401139
0.0336456
0.0196218
0.0077067
0.00200122
0.000638512
0.00200122
0.0077067
0.0196218
0.0336456
0.0401139
0.0339628
0.0215906
0.0154094
0.0215906
0.0339628
0.0401139
0.0336456
0.0196217
0.00770469
0.00196896
0.000319256
3.22601e-05
2.01102e-06
7.67733e-08
1.7892e-09
2.53732e-11
2.18819e-13
1.14565e-15
3.64255e-18
1.40499e-20
3.64255e-18
1.14565e-15
2.18819e-13
2.53732e-11
1.7892e-09
7.67732e-08
2.01102e-06
3.22601e-05
0.000319256
0.00196896
0.00770469
0.0196217
0.0336436
0.0400817
0.0336436
0.0196217
0.00770469
0.00196896
0.000319256
3.22601e-05
2.01102e-06
7.67986e-08
3.5784e-09
7.67986e-08
2.01102e-06
3.22601e-05
0.000319256
0.00196896
0.00770469
0.0196217
0.0336436
0.0400817
0.0336436
0.0196217
0.00770469
0.00196896
0.000319256
3.22601e-05
2.01102e-06
7.67733e-08
1.7892e-09
2.53732e-11
2.18819e-13
1.14565e-15
3.64254e-18
7.02497e-21
8.2233e-24
5.83714e-27
2.5144e-30
6.56705e-34
1.04077e-37
9.99967e-42
