2.68462e-10
1.52633e-09
7.21265e-09
3.07755e-08
1.21063e-07
4.41143e-07
1.49087e-06
4.67489e-06
1.36043e-05
3.67485e-05
9.21633e-05
0.000214655
0.00046443
0.000933817
0.00174576
0.00303659
0.00491911
0.00743169
0.0104919
0.013881
0.0172793
0.0203474
0.0228208
0.0245693
0.0255895
0.0259404
0.0256681
0.0247793
0.0232838
0.0212808
0.019025
0.0169176
0.015411
0.0148634
0.015411
0.0169176
0.019025
0.0212808
0.0232838
0.0247793
0.0256681
0.0259404
0.0255896
0.0245693
0.0228209
0.0203475
0.0172793
0.013881
0.0104919
0.00743169
0.00491912
0.00303659
0.00174577
0.000933848
0.000464552
0.000215096
9.36539e-05
4.14218e-05
2.72013e-05
4.13925e-05
9.35331e-05
0.000214655
0.000463061
0.000929175
0.00173217
0.00299987
0.00482707
0.00721747
0.0100289
0.0129518
0.015547
0.0173472
0.0179924
0.0173476
0.0155485
0.0129565
0.0100425
0.00725419
0.00491911
0.00321409
0.0021951
0.00185829
0.0021951
0.00321409
0.00491911
0.00725419
0.0100425
0.0129565
0.0155485
0.0173476
0.0179924
0.0173472
0.015547
0.0129518
0.0100289
0.00721747
0.00482707
0.00299983
0.00173128
0.00091976
