9.52422e-10
7.06876e-09
4.44719e-08
2.46305e-07
1.20724e-06
5.24123e-06
2.01664e-05
6.88049e-05
0.000208292
0.00055986
0.00133713
0.00284015
0.00537127
0.00905879
0.0136584
0.0184883
0.0226358
0.0253933
0.026651
0.0269189
0.0269015
0.0269239
0.0266711
0.0254621
0.0228441
0.0190481
0.0149955
0.0118989
0.0107425
0.0118989
0.0149955
0.0190481
0.0228441
0.0254621
0.0266711
0.0269239
0.0269015
0.0269189
0.026651
0.0253933
0.0226358
0.0184883
0.0136584
0.00905879
0.00537127
0.00284015
0.00133713
0.00055986
0.000208292
6.8805e-05
2.01674e-05
5.24835e-06
1.25174e-06
4.92638e-07
1.25173e-06
5.24822e-06
2.01664e-05
6.87979e-05
0.000208247
0.000559614
0.00133592
0.00283491
0.0053511
0.00898999
0.0134501
0.0179287
0.0212998
0.0225584
0.0212998
0.0179287
0.0134502
0.00899024
0.00535231
0.00284015
0.00135608
0.000628411
0.000416494
0.000628411
0.00135608
0.00284015
0.00535231
0.00899024
0.0134502
0.0179287
0.0212998
0.0225584
0.0212998
0.0179287
0.0134501
0.00899
0.0053511
0.00283491
0.00133592
0.000559614
0.000208247
6.87978e-05
2.01654e-05
5.2411e-06
1.20723e-06
2.46265e-07
