1.76246e-10
3.16767e-09
4.4458e-08
4.88282e-07
4.20281e-06
2.84027e-05
0.000151065
0.000634248
0.0021098
0.00558485
0.0118231
0.0201271
0.0277338
0.0312752
0.0296925
0.025683
0.0236377
0.025683
0.0296925
0.0312757
0.027738
0.0201555
0.0119741
0.0062191
0.0042196
0.0062191
0.0119741
0.0201555
0.027738
0.0312757
0.0296925
0.0256831
0.0236377
0.025683
0.0296925
0.0312752
0.0277338
0.0201271
0.0118231
0.00558485
0.0021098
0.000634248
0.000151065
2.84027e-05
4.20281e-06
4.88282e-07
4.4458e-08
3.1678e-09
1.76705e-10
1.53519e-11
1.76705e-10
3.1678e-09
4.4458e-08
4.88282e-07
4.20281e-06
2.84027e-05
0.000151065
0.000634245
0.00210976
0.00558436
0.0118189
0.0200987
0.0275827
0.0306409
0.0275827
0.0200987
0.0118189
0.00558436
0.00210976
0.000634248
0.00015111
2.8891e-05
8.40561e-06
2.8891e-05
0.00015111
0.000634248
0.00210976
0.00558436
0.0118189
0.0200987
0.0275827
0.0306409
0.0275827
0.0200987
0.0118189
0.00558436
0.00210976
0.000634245
0.000151065
2.84027e-05
4.20281e-06
4.88282e-07
4.4458e-08
3.16779e-09
1.76444e-10
7.67594e-12
2.60644e-13
6.90461e-15
1.42638e-16
2.29723e-18
