5.23602e-10
3.18758e-09
1.62914e-08
7.48747e-08
3.13941e-07
1.20409e-06
4.22727e-06
1.35891e-05
4.00106e-05
0.000107929
0.000266825
0.000604792
0.00125744
0.00239962
0.00420675
0.00678341
0.0100801
0.013844
0.0176503
0.0210269
0.0236219
0.0253176
0.0262149
0.0264945
0.0262507
0.0254243
0.0238885
0.0216316
0.0189077
0.0162437
0.0142869
0.0135668
0.0142869
0.0162436
0.0189077
0.0216316
0.0238885
0.0254243
0.0262507
0.0264945
0.0262149
0.0253176
0.0236219
0.0210269
0.0176503
0.013844
0.0100802
0.00678341
0.00420676
0.00239962
0.00125744
0.000604795
0.000266841
0.000108004
4.03246e-05
1.47932e-05
8.45399e-06
1.479e-05
4.03083e-05
0.000107929
0.000266527
0.000603591
0.00125321
0.00238604
0.00416676
0.00667555
0.00981364
0.0132404
0.016397
0.0186408
0.0194549
0.0186409
0.0163974
0.0132416
0.00981787
0.00668914
0.00420676
0.00249389
0.00151972
0.00120718
0.00151972
0.00249389
0.00420676
0.00668914
0.00981787
0.0132416
0.0163974
0.0186409
0.0194549
0.0186408
0.016397
0.0132404
0.00981364
0.00667556
0.00416676
0.00238604
0.00125321
0.000603586
0.000266476
0.000107449
