9.49365e-10
7.91384e-09
5.57534e-08
3.40682e-07
1.81128e-06
8.38539e-06
3.38272e-05
0.000119001
0.000365391
0.000980172
0.00229963
0.00472472
0.00851446
0.0134901
0.0188645
0.0234515
0.0262739
0.027188
0.0269799
0.0267426
0.0269816
0.0271964
0.0263077
0.0235705
0.0192299
0.0144703
0.0108141
0.00944944
0.0108141
0.0144703
0.0192299
0.0235705
0.0263077
0.0271964
0.0269816
0.0267426
0.0269799
0.027188
0.0262739
0.0234515
0.0188645
0.0134901
0.00851446
0.00472472
0.00229963
0.000980173
0.000365391
0.000119001
3.38272e-05
8.3855e-06
1.81227e-06
3.48626e-07
1.11531e-07
3.48625e-07
1.81226e-06
8.38539e-06
3.38262e-05
0.000118993
0.000365335
0.000979832
0.00229782
0.00471633
0.00848064
0.0133711
0.0184992
0.0224716
0.023976
0.0224716
0.0184992
0.0133711
0.00848069
0.00471668
0.00229963
0.000988217
0.000399161
0.000237987
0.000399161
0.000988217
0.00229963
0.00471668
0.00848069
0.0133711
0.0184992
0.0224716
0.023976
0.0224716
0.0184992
0.0133711
0.00848064
0.00471633
0.00229782
0.000979832
0.000365335
0.000118993
3.38262e-05
8.38529e-06
1.81127e-06
3.40686e-07
5.57653e-08
7.93903e-09
