7.85444e-10
7.70728e-09
6.32425e-08
4.40458e-07
2.60845e-06
1.31473e-05
5.64542e-05
0.000206759
0.000646704
0.00173003
0.0039648
0.00779891
0.0131989
0.0192889
0.0245029
0.0274273
0.0278184
0.0268679
0.0262849
0.0268683
0.027821
0.0274404
0.0245593
0.0194956
0.0138456
0.00952894
0.0079296
0.00952894
0.0138456
0.0194956
0.0245593
0.0274404
0.027821
0.0268683
0.0262849
0.0268679
0.0278184
0.0274273
0.0245029
0.0192889
0.0131989
0.00779891
0.0039648
0.00173003
0.000646704
0.000206759
5.64542e-05
1.31473e-05
2.60845e-06
4.4053e-07
6.40455e-08
1.54339e-08
6.40455e-08
4.40529e-07
2.60845e-06
1.31472e-05
5.64534e-05
0.000206751
0.00064664
0.00172959
0.00396219
0.00778577
0.0131424
0.0190821
0.0238562
0.0256977
0.0238563
0.0190821
0.0131424
0.00778577
0.00396225
0.00173003
0.000649249
0.000219899
0.000112907
0.000219899
0.000649249
0.00173003
0.00396225
0.00778577
0.0131424
0.0190821
0.0238562
0.0256977
0.0238563
0.0190821
0.0131424
0.00778577
0.00396219
0.00172959
0.00064664
0.000206751
5.64534e-05
1.31472e-05
2.60844e-06
4.40459e-07
6.32459e-08
7.71696e-09
7.9961e-10
7.03239e-11
