8.08857e-10
6.76934e-09
4.79746e-08
3.01337e-07
1.72181e-06
9.07319e-06
4.38658e-05
0.00019064
0.000726926
0.00238469
0.00664448
0.015609
0.0307972
0.050942
0.0705912
0.0819308
0.0796532
0.0648911
0.0443547
0.0255623
0.0126762
0.00584859
0.00311361
0.00241842
0.00265777
0.00397657
0.00777826
0.0162885
0.0311376
0.0510843
0.0706405
0.0819432
0.0796478
0.0648592
0.0442553
0.0253085
0.0121352
0.00488149
0.00164878
0.000468191
0.000111969
2.26056e-05
3.86423e-06
5.61237e-07
6.95065e-08
7.3632e-09
6.68553e-10
5.25941e-11
1.10941e-11
8.52762e-11
7.91067e-10
6.13392e-09
3.9665e-08
2.13898e-07
9.6192e-07
3.60755e-06
1.12835e-05
2.94343e-05
6.4042e-05
0.00011622
0.000175912
0.000222059
0.000233747
0.000205135
0.00015005
9.14539e-05
4.64266e-05
1.96213e-05
6.90061e-06
2.02362e-06
5.29789e-07
3.1274e-07
9.7845e-07
3.60984e-06
1.12837e-05
2.94344e-05
6.4042e-05
0.00011622
0.000175912
0.000222059
0.000233747
0.000205135
0.00015005
9.14539e-05
4.64266e-05
1.96212e-05
6.89982e-06
2.01748e-06
4.90124e-07
9.88416e-08
1.65304e-08
2.29021e-09
2.62566e-10
2.48821e-11
1.94692e-12
1.25651e-13
6.68214e-15
2.92553e-16
1.05362e-17
3.11918e-19
