6.54376e-10
6.60637e-09
5.42106e-08
3.74568e-07
2.26942e-06
1.25821e-05
6.49357e-05
0.000304769
0.00124548
0.0042706
0.012015
0.0274307
0.0505805
0.0752037
0.090126
0.0870737
0.0678478
0.0426884
0.0218053
0.00931561
0.00385592
0.00228516
0.00216321
0.00234109
0.00292501
0.00539285
0.0126172
0.0276898
0.0506699
0.0752283
0.090131
0.0870716
0.0678331
0.0426305
0.021624
0.0088603
0.00293663
0.000789031
0.000172439
3.07976e-05
4.52221e-06
5.4958e-07
5.56035e-08
4.69758e-09
3.30908e-10
1.93164e-11
9.33284e-13
2.20127e-13
3.50565e-12
5.34329e-11
6.5261e-10
6.38521e-09
5.0045e-08
3.14183e-07
1.57989e-06
6.36354e-06
2.05318e-05
5.30711e-05
0.000109909
0.000182377
0.000242454
0.000258175
0.000220127
0.000150209
8.19809e-05
3.5759e-05
1.24533e-05
3.45843e-06
7.65369e-07
1.40786e-07
6.87828e-08
3.16251e-07
1.58007e-06
6.36355e-06
2.05318e-05
5.30711e-05
0.000109909
0.000182377
0.000242454
0.000258175
0.000220127
0.000150209
8.19809e-05
3.5759e-05
1.24533e-05
3.45837e-06
7.64716e-07
1.34401e-07
1.87378e-08
2.06794e-09
1.80276e-10
1.23887e-11
6.69821e-13
2.84435e-14
9.47197e-16
2.47038e-17
5.04055e-19
8.03866e-21
1.0013e-22
9.73553e-25
