7.37609e-10
5.16292e-09
3.1295e-08
1.73556e-07
8.88965e-07
4.19372e-06
1.80788e-05
7.05311e-05
0.000246753
0.000768436
0.00211876
0.00515346
0.0110317
0.0207536
0.0342832
0.0497064
0.0632399
0.0705991
0.069166
0.0594931
0.0449871
0.0300201
0.017879
0.00982736
0.00548175
0.00383955
0.00421553
0.00671769
0.0121765
0.0215214
0.0347415
0.0499466
0.0633479
0.0706334
0.0691504
0.0594164
0.0448028
0.0296489
0.0172213
0.00878104
0.00393142
0.00154599
0.000534187
0.000162268
4.33627e-05
1.02024e-05
2.1156e-06
3.87096e-07
6.25913e-08
9.04728e-09
1.77992e-09
3.91372e-09
1.94482e-08
8.73254e-08
3.43421e-07
1.18216e-06
3.56194e-06
9.39441e-06
2.16884e-05
4.38293e-05
7.75316e-05
0.00012005
0.000162707
0.000193014
0.000200392
0.000182074
0.00014476
0.000100701
6.12845e-05
3.26262e-05
1.52063e-05
6.26905e-06
2.54303e-06
1.86617e-06
3.74778e-06
9.43851e-06
2.16975e-05
4.38309e-05
7.75318e-05
0.00012005
0.000162707
0.000193014
0.000200392
0.000182074
0.00014476
0.000100701
6.12839e-05
3.26224e-05
1.51868e-05
6.18173e-06
2.19961e-06
6.84009e-07
1.85837e-07
4.40981e-08
9.13639e-09
1.6521e-09
2.60635e-10
3.58584e-11
4.3006e-12
4.49432e-13
