4.9571e-10
3.16543e-09
1.73563e-08
8.72628e-08
4.06627e-07
1.753e-06
6.96133e-06
2.53443e-05
8.42358e-05
0.000254688
0.000698597
0.00173487
0.0038949
0.00789721
0.0144511
0.0238551
0.0355136
0.0476728
0.0577011
0.0629725
0.0619807
0.0550456
0.0441664
0.0321166
0.0213424
0.013271
0.00827739
0.0061379
0.00659253
0.00968084
0.0156836
0.024696
0.0360545
0.0479907
0.0578641
0.06303
0.061954
0.0549239
0.0439074
0.03165
0.0205718
0.0120576
0.00637338
0.00303843
0.00130664
0.000506956
0.000177493
5.60925e-05
1.60059e-05
4.12554e-06
9.61269e-07
2.04186e-07
4.67577e-08
3.98174e-08
1.21732e-07
3.95481e-07
1.16569e-06
3.09399e-06
7.39257e-06
1.59004e-05
3.07862e-05
5.36584e-05
8.41878e-05
0.0001189
0.000151159
0.000172976
0.000178166
0.000165172
0.000137816
0.00010349
6.99408e-05
4.2558e-05
2.33878e-05
1.1849e-05
6.23794e-06
5.11457e-06
8.11653e-06
1.61337e-05
3.08538e-05
5.3676e-05
8.41919e-05
0.000118901
0.000151159
0.000172976
0.000178166
0.000165172
0.000137816
0.000103488
6.99326e-05
4.25248e-05
2.32671e-05
1.14536e-05
5.07227e-06
2.02058e-06
7.23957e-07
2.3327e-07
6.75855e-08
1.76049e-08
4.12218e-09
8.67247e-10
