3.80066e-10
2.34459e-09
1.23411e-08
5.9525e-08
2.66594e-07
1.10829e-06
4.26379e-06
1.51291e-05
4.93594e-05
0.000147688
0.000404435
0.00101203
0.0023114
0.00481415
0.00913833
0.0158029
0.0248888
0.0356941
0.0466091
0.0554137
0.0599884
0.0591449
0.053137
0.043556
0.0326731
0.0226088
0.0147606
0.00970019
0.00745776
0.00792745
0.0111218
0.0171264
0.0257801
0.0362741
0.0469603
0.0556006
0.0600562
0.0591128
0.0529944
0.0432619
0.0321567
0.0217631
0.013411
0.00752514
0.00384514
0.00178933
0.000758401
0.000292817
0.000103004
3.30185e-05
9.64757e-06
2.57116e-06
6.29567e-07
1.58591e-07
9.94588e-08
2.3512e-07
6.73662e-07
1.78995e-06
4.32929e-06
9.52143e-06
1.90401e-05
3.46189e-05
5.72315e-05
8.60258e-05
0.000117568
0.000146086
0.000165037
0.000169508
0.000158281
0.000134363
0.000103691
7.27546e-05
4.64497e-05
2.71093e-05
1.48317e-05
8.56804e-06
7.27809e-06
1.06871e-05
1.94588e-05
3.47556e-05
5.7272e-05
8.60367e-05
0.000117571
0.000146087
0.000165037
0.000169508
0.000158281
0.000134362
0.000103686
7.27344e-05
4.63782e-05
2.68794e-05
1.41589e-05
6.77823e-06
2.94881e-06
1.16571e-06
4.18701e-07
1.36631e-07
4.05023e-08
1.0897e-08
