8.16762e-10
6.13052e-09
3.96856e-08
2.33067e-07
1.25971e-06
6.272e-06
2.85106e-05
0.000116648
0.000423395
0.00134768
0.00373166
0.00894292
0.0184932
0.0329443
0.0505137
0.0666401
0.075633
0.0738546
0.0620744
0.044966
0.0281952
0.0155299
0.00788232
0.00420843
0.00298815
0.00329985
0.00528118
0.0100784
0.0192237
0.0333501
0.0507074
0.0667183
0.0756556
0.0738445
0.062021
0.0448232
0.0278782
0.014925
0.00687988
0.00273175
0.000934859
0.000275954
7.03339e-05
1.54993e-05
2.95802e-06
4.89859e-07
7.05427e-08
8.85369e-09
9.8101e-10
1.92202e-10
7.72058e-10
5.04506e-09
2.85523e-08
1.38586e-07
5.76838e-07
2.059e-06
6.30278e-06
1.65461e-05
3.72527e-05
7.19318e-05
0.000119119
0.000169171
0.000206029
0.000215154
0.000192635
0.00014785
9.7258e-05
5.48222e-05
2.64735e-05
1.09528e-05
3.90456e-06
1.31294e-06
8.81191e-07
2.12643e-06
6.31555e-06
1.65482e-05
3.7253e-05
7.19318e-05
0.000119119
0.000169171
0.000206029
0.000215154
0.000192635
0.00014785
9.7258e-05
5.48221e-05
2.64728e-05
1.09478e-05
3.87601e-06
1.17436e-06
3.04353e-07
6.74362e-08
1.27675e-08
2.06422e-09
2.84817e-10
3.35165e-11
3.3616e-12
2.87176e-13
2.08831e-14
1.29188e-15
