8.46079e-13
1.06095e-10
6.89318e-09
2.29262e-07
3.90659e-06
3.46285e-05
0.000165543
0.000680404
0.00492887
0.0286467
0.0891756
0.148227
0.134066
0.0663018
0.0179186
0.00276614
0.00031772
0.000357496
0.0013864
0.00298424
0.00338423
0.00202034
0.000767327
0.000775383
0.00493657
0.028647
0.0891756
0.148227
0.134066
0.0663018
0.0179185
0.00276315
0.000274402
2.08353e-05
1.08362e-06
2.78424e-08
2.923e-10
1.17059e-12
1.74698e-15
9.63616e-19
1.95871e-22
1.46559e-26
4.03518e-31
1.74142e-35
1.7808e-31
1.21677e-27
4.30467e-24
7.7876e-21
7.20514e-18
3.45223e-15
8.46079e-13
1.06095e-10
6.89318e-09
2.29262e-07
3.90619e-06
3.45314e-05
0.000156592
0.000364965
0.000442644
0.000275547
8.69215e-05
1.34391e-05
9.30236e-07
2.61981e-08
2.83342e-10
1.14644e-12
1.82864e-15
3.69178e-15
8.46362e-13
1.06095e-10
6.89318e-09
2.29262e-07
3.90619e-06
3.45314e-05
0.000156592
0.000364965
0.000442644
0.000275547
8.69215e-05
1.34391e-05
9.30236e-07
2.61981e-08
2.83342e-10
1.14641e-12
1.71718e-15
9.48451e-19
1.92883e-22
1.44349e-26
3.9746e-31
4.02621e-36
1.50037e-41
0
0
0
0
0
0
0
0
0
