6.205e-10
4.12767e-09
2.37094e-08
1.24877e-07
6.08553e-07
2.73596e-06
1.12798e-05
4.23617e-05
0.000144035
0.000441181
0.00121279
0.00298408
0.00655975
0.0128674
0.0225056
0.0350816
0.0487241
0.060288
0.0664573
0.0652754
0.0571561
0.0446722
0.0312716
0.0197901
0.0116283
0.00685739
0.00491172
0.00533578
0.00820201
0.0140418
0.0233075
0.0355834
0.0490055
0.0604246
0.0665034
0.0652542
0.0570564
0.0444493
0.0308519
0.01908
0.0105147
0.0051641
0.00226072
0.000882372
0.00030714
9.53802e-05
2.6437e-05
6.54394e-06
1.44752e-06
2.86428e-07
5.12016e-08
1.07245e-08
1.39191e-08
5.42526e-08
2.03764e-07
6.82166e-07
2.03071e-06
5.37494e-06
1.26493e-05
2.64687e-05
4.92457e-05
8.1465e-05
0.000119821
0.000156692
0.000182177
0.000188302
0.000173025
0.000141326
0.000102605
6.62092e-05
3.79777e-05
1.93988e-05
8.96128e-06
4.2041e-06
3.28874e-06
5.774e-06
1.27617e-05
2.64968e-05
4.92519e-05
8.14663e-05
0.000119822
0.000156692
0.000182177
0.000188302
0.000173025
0.000141326
0.000102605
6.62066e-05
3.79649e-05
1.93447e-05
8.75753e-06
3.52194e-06
1.25803e-06
3.99056e-07
1.1239e-07
2.80979e-08
6.2342e-09
1.22727e-09
2.14308e-10
3.31843e-11
