2.02735e-10
1.18331e-09
5.82255e-09
2.62063e-08
1.09932e-07
4.30884e-07
1.57641e-06
5.37396e-06
1.70411e-05
5.01915e-05
0.000137137
0.000347246
0.000814215
0.00176684
0.00354659
0.00658314
0.0112968
0.0179184
0.0262673
0.0355851
0.0445502
0.0515434
0.0551173
0.0544894
0.0498315
0.0422131
0.0332312
0.0245151
0.0173341
0.0124487
0.0101931
0.0106587
0.0138227
0.0195247
0.0273095
0.0362584
0.0449669
0.0517735
0.0552028
0.0544463
0.0496474
0.0418439
0.0325928
0.0234606
0.0156056
0.00959284
0.00544946
0.00286098
0.0013882
0.00062258
0.000258091
9.89064e-05
3.50441e-05
1.1487e-05
3.50276e-06
1.05294e-06
4.79564e-07
6.66516e-07
1.50673e-06
3.40009e-06
7.13593e-06
1.38353e-05
2.47647e-05
4.09227e-05
6.24273e-05
8.79147e-05
0.000114293
0.000137166
0.000151963
0.000155411
0.000146716
0.000127857
0.000102864
7.64328e-05
5.25528e-05
3.37031e-05
2.0815e-05
1.38076e-05
1.23118e-05
1.62105e-05
2.57705e-05
4.13157e-05
6.2569e-05
8.79618e-05
0.000114308
0.00013717
0.000151963
0.00015541
0.000146714
0.00012785
0.000102839
7.63543e-05
5.23258e-05
3.30972e-05
1.93217e-05
1.04103e-05
5.17641e-06
2.37532e-06
1.00572e-06
3.91645e-07
