7.31846e-11
1.98955e-09
3.62866e-08
4.45836e-07
3.74026e-06
2.26495e-05
0.000117376
0.000644499
0.00346794
0.0145614
0.0428423
0.0861779
0.11838
0.111316
0.0717793
0.0317871
0.00973586
0.00225056
0.000969192
0.00158538
0.00247859
0.00268313
0.00204558
0.00158438
0.00377592
0.0146292
0.0428524
0.0861789
0.11838
0.111316
0.0717788
0.0317823
0.00969944
0.00206261
0.000312643
3.50391e-05
3.01124e-06
1.98639e-07
9.59018e-09
3.17149e-10
6.82536e-12
9.25705e-14
7.78194e-16
4.01423e-18
1.26924e-20
1.23007e-20
2.461e-18
3.30652e-16
2.98136e-14
1.80413e-12
7.31846e-11
1.98929e-09
3.62566e-08
4.4369e-07
3.6462e-06
2.01015e-05
7.4328e-05
0.000184481
0.000307744
0.000344935
0.0002592
0.00013019
4.35083e-05
9.60328e-06
1.38396e-06
1.28282e-07
7.53564e-09
2.78491e-10
7.94744e-11
1.98938e-09
3.62566e-08
4.4369e-07
3.6462e-06
2.01015e-05
7.4328e-05
0.000184481
0.000307744
0.000344935
0.0002592
0.00013019
4.35083e-05
9.60328e-06
1.38396e-06
1.28282e-07
7.53561e-09
2.76687e-10
6.28959e-12
8.78179e-14
7.50079e-16
3.904e-18
1.23678e-20
2.38001e-23
2.78227e-26
1.97333e-29
8.4961e-33
2.21833e-36
3.51506e-40
3.36312e-44
0
0
