2.81615e-10
1.68641e-09
8.56358e-09
3.98134e-08
1.72203e-07
6.93693e-07
2.59759e-06
9.01977e-06
2.8977e-05
8.59613e-05
0.000235103
0.000592075
0.00137166
0.00292119
0.00571589
0.010272
0.0169495
0.0256752
0.0357003
0.0455629
0.0533746
0.0573961
0.0566711
0.0514062
0.0428939
0.0330247
0.0236502
0.0161101
0.011097
0.00882205
0.00929437
0.0125059
0.0183982
0.0266327
0.0363234
0.0459464
0.0535836
0.0574732
0.0566337
0.0512431
0.0425638
0.0324521
0.0227105
0.0145878
0.00860098
0.00465497
0.00231272
0.00105487
0.000441754
0.00016987
5.99883e-05
1.94584e-05
5.80107e-06
1.59963e-06
4.41747e-07
2.2657e-07
4.09714e-07
1.04346e-06
2.54099e-06
5.6908e-06
1.16873e-05
2.20055e-05
3.79854e-05
6.01127e-05
8.72122e-05
0.000115996
0.000141437
0.000158097
0.000162001
0.000152174
0.000131033
0.000103433
7.4864e-05
4.975e-05
3.05455e-05
1.78372e-05
1.11155e-05
9.7024e-06
1.34071e-05
2.26811e-05
3.82286e-05
6.01929e-05
8.72364e-05
0.000116003
0.000141438
0.000158097
0.000162001
0.000152173
0.00013103
0.00010342
7.48217e-05
4.96158e-05
3.01555e-05
1.67976e-05
8.57518e-06
4.01172e-06
1.71983e-06
6.75585e-07
2.43145e-07
8.00327e-08
