1.42422e-10
8.13075e-10
3.89216e-09
1.70253e-08
6.95238e-08
2.66063e-07
9.53976e-07
3.20093e-06
1.00379e-05
2.93854e-05
8.02257e-05
0.000204097
0.000483526
0.0010662
0.00218735
0.00417376
0.00740569
0.0122168
0.0187349
0.0267062
0.0353851
0.0435787
0.0498881
0.0530941
0.0525475
0.0483946
0.0415347
0.0333355
0.0252416
0.018447
0.0137431
0.0115434
0.0119957
0.0150671
0.0205283
0.0278524
0.036118
0.0440317
0.0501394
0.0531874
0.0524979
0.0481876
0.0411214
0.0326195
0.0240511
0.0164827
0.0104992
0.00621619
0.00342093
0.00174997
0.000832151
0.000367859
0.000151181
5.77702e-05
2.05382e-05
6.82663e-06
2.21593e-06
9.49635e-07
1.03758e-06
2.06611e-06
4.34827e-06
8.62857e-06
1.59269e-05
2.73057e-05
4.34745e-05
6.42784e-05
8.82555e-05
0.000112528
0.000133235
0.00014649
0.000149565
0.000141801
0.000124846
0.000102089
7.75868e-05
5.49422e-05
3.66006e-05
2.37304e-05
1.65822e-05
1.50385e-05
1.90441e-05
2.87129e-05
4.40642e-05
6.45078e-05
8.83383e-05
0.000112556
0.000133243
0.000146492
0.000149564
0.000141797
0.000124831
0.000102043
7.74543e-05
5.45879e-05
3.57214e-05
2.17034e-05
1.22429e-05
6.41188e-06
3.11686e-06
1.399e-06
