1.424217e-10
8.130755e-10
3.892162e-09
1.702529e-08
6.952385e-08
2.660630e-07
9.539754e-07
3.200931e-06
1.003790e-05
2.938539e-05
8.022571e-05
2.040973e-04
4.835259e-04
1.066198e-03
2.187350e-03
4.173760e-03
7.405689e-03
1.221681e-02
1.873492e-02
2.670621e-02
3.538509e-02
4.357873e-02
4.988808e-02
5.309407e-02
5.254754e-02
4.839457e-02
4.153465e-02
3.333548e-02
2.524155e-02
1.844695e-02
1.374308e-02
1.154337e-02
1.199573e-02
1.506710e-02
2.052829e-02
2.785245e-02
3.611798e-02
4.403169e-02
5.013938e-02
5.318737e-02
5.249790e-02
4.818764e-02
4.112140e-02
3.261951e-02
2.405107e-02
1.648267e-02
1.049918e-02
6.216186e-03
3.420929e-03
1.749970e-03
8.321510e-04
3.678589e-04
1.511810e-04
5.777025e-05
2.053821e-05
6.826629e-06
2.215926e-06
9.496350e-07
1.037578e-06
2.066111e-06
4.348275e-06
8.628571e-06
1.592690e-05
2.730571e-05
4.347450e-05
6.427842e-05
8.825545e-05
1.125279e-04
1.332347e-04
1.464901e-04
1.495648e-04
1.418011e-04
1.248455e-04
1.020892e-04
7.758677e-05
5.494215e-05
3.660063e-05
2.373036e-05
1.658219e-05
1.503855e-05
1.904412e-05
2.871288e-05
4.406418e-05
6.450779e-05
8.833827e-05
1.125557e-04
1.332432e-04
1.464923e-04
1.495642e-04
1.417968e-04
1.248307e-04
1.020431e-04
7.745426e-05
5.458793e-05
3.572135e-05
2.170341e-05
1.224293e-05
6.411875e-06
3.116859e-06
1.399000e-06
