1.17579e-23
3.15549e-18
1.14633e-13
5.63931e-10
3.76064e-07
3.40902e-05
0.000423263
0.000734431
0.000187578
0.0644004
0.222414
0.175093
0.0282623
0.00146886
0.00019043
5.35612e-08
1.00976e-05
0.000433927
0.00376761
0.00542675
0.00115093
6.81805e-05
0.000423402
0.000734431
0.000187578
0.0644004
0.222414
0.175093
0.0282623
0.00146886
0.00019043
0
0
0
0
0
0
0
0
0
0
0
0
0
0
0
0
0
4.04737e-37
5.92979e-30
1.17579e-23
3.15549e-18
1.14633e-13
5.63931e-10
3.76064e-07
3.40902e-05
0.000423263
0.000734431
0.000187578
5.27729e-41
2.96614e-35
3.79968e-30
9.83451e-26
4.22263e-22
2.66872e-19
2.35714e-17
2.85153e-16
4.68925e-16
1.04532e-16
6.31098e-18
1.14633e-13
5.63931e-10
3.76064e-07
3.40902e-05
0.000423263
0.000734431
0.000187578
0
0
0
0
0
0
0
0
0
0
0
0
0
0
0
0
0
0
0
0
0
0
0
