3.51309e-10
4.98059e-09
5.34487e-08
4.41848e-07
2.92634e-06
1.67621e-05
9.05461e-05
0.000466094
0.00211366
0.00778035
0.0222427
0.0485521
0.0805252
0.10141
0.0970261
0.0705775
0.0390778
0.0165646
0.0056345
0.00213712
0.00178991
0.00220332
0.00235964
0.00226423
0.00318824
0.00826385
0.0224064
0.0485939
0.0805332
0.101411
0.0970257
0.0705733
0.0390537
0.0164608
0.00529654
0.00130677
0.000249078
3.70952e-05
4.37825e-06
4.14803e-07
3.16856e-08
1.93462e-09
9.25906e-11
3.39417e-12
9.33735e-14
1.90704e-15
5.41475e-16
2.26628e-14
7.51957e-13
1.87503e-11
3.51446e-10
4.95319e-09
5.25009e-08
4.18482e-07
2.50802e-06
1.13003e-05
3.82817e-05
9.75334e-05
0.000186939
0.000269555
0.000292309
0.000238207
0.000145722
6.68232e-05
2.29252e-05
5.86852e-06
1.11702e-06
1.57432e-07
1.6697e-08
6.19781e-09
5.25701e-08
4.18484e-07
2.50802e-06
1.13003e-05
3.82817e-05
9.75334e-05
0.000186939
0.000269555
0.000292309
0.000238207
0.000145722
6.68232e-05
2.29252e-05
5.86852e-06
1.11702e-06
1.57414e-07
1.63456e-08
1.24462e-09
6.91767e-11
2.79507e-12
8.18234e-14
1.7307e-15
2.63922e-17
2.897e-19
2.28616e-21
1.2958e-23
5.27192e-26
1.53883e-28
3.22128e-31
4.83496e-34
