0
0
0
0
0
0
0
0
0
0
0
0
0
0
0
0
0
0
0
2.35166e-41
6.31137e-36
6.23275e-31
2.26585e-26
3.03584e-22
1.5037e-18
2.77615e-15
1.95092e-12
5.47876e-10
6.72859e-08
4.02255e-06
0.000124746
0.00205786
0.0183231
0.0876356
0.225803
0.314086
0.234388
0.0945042
0.0205195
0.00239673
0.000151398
5.1358e-06
9.39924e-08
9.28111e-10
4.92173e-12
1.41167e-14
2.17869e-17
1.81121e-20
8.1381e-24
1.96268e-27
2.55659e-31
1.79515e-35
6.77723e-40
1.26117e-44
0
0
0
0
0
0
0
0
0
0
0
0
0
0
0
0
0
0
0
0
0
0
0
0
0
0
0
0
0
0
0
0
0
0
0
0
0
0
0
0
0
0
0
0
0
0
