0
0
0
0
0
0
0
0
0
0
0
3.54529e-43
6.48693e-40
8.51371e-37
8.04563e-34
5.48472e-31
2.70342e-28
9.66303e-26
2.51412e-23
4.78259e-21
6.68554e-19
6.90529e-17
5.29878e-15
3.03608e-13
1.30464e-11
4.2193e-10
1.02976e-08
1.90034e-07
2.65537e-06
2.81178e-05
0.000225722
0.00137392
0.00634131
0.0221959
0.0589222
0.118635
0.181159
0.209785
0.184221
0.122686
0.0619708
0.0237432
0.00689973
0.00152071
0.000254202
3.22294e-05
3.09958e-06
2.26118e-07
1.25116e-08
5.2504e-10
1.67099e-11
4.03355e-13
7.3852e-15
1.02565e-16
1.08037e-18
8.63082e-21
5.22926e-23
2.40316e-25
8.37757e-28
2.21536e-30
4.44356e-33
6.76013e-36
7.80051e-39
6.82713e-42
2.8026e-45
0
0
0
0
0
0
0
0
0
0
0
0
0
0
0
0
0
0
0
0
0
0
0
0
0
0
0
0
0
0
0
0
0
0
0
