0
0
0
0
0
0
0
0
0
0
0
0
0
0
5.32493e-44
5.53915e-40
3.50809e-36
1.35139e-32
3.16879e-29
4.5375e-26
3.98025e-23
2.15323e-20
7.2426e-18
1.53421e-15
2.07744e-13
1.82962e-11
1.06473e-09
4.14598e-08
1.08972e-06
1.94394e-05
0.000236183
0.00195704
0.0110597
0.0426346
0.112154
0.201362
0.246662
0.206075
0.117482
0.0457187
0.0121417
0.00220012
0.000272044
2.29645e-05
1.32321e-06
5.20128e-08
1.39503e-09
2.55388e-11
3.19129e-13
2.72103e-15
1.58278e-17
6.28461e-20
1.70367e-22
3.1518e-25
3.97879e-28
3.42813e-31
2.01647e-34
8.09498e-38
2.21685e-41
2.8026e-45
0
0
0
0
0
0
0
0
0
0
0
0
0
0
0
0
0
0
0
0
0
0
0
0
0
0
0
0
0
0
0
0
0
0
0
0
0
0
0
0
