0
0
0
0
0
0
0
0
1.68156e-44
1.27196e-41
7.62936e-39
3.58415e-36
1.32056e-33
3.82208e-31
8.70577e-29
1.56379e-26
2.22022e-24
2.49746e-22
2.23124e-20
1.58699e-18
9.00622e-17
4.08622e-15
1.48477e-13
4.32696e-12
1.0125e-10
1.90411e-09
2.87986e-08
3.50463e-07
3.43276e-06
2.70675e-05
0.00017183
0.000878251
0.00361433
0.0119769
0.0319584
0.0686676
0.118807
0.165519
0.185674
0.167708
0.121974
0.071434
0.0336887
0.0127941
0.00391273
0.000963573
0.000191083
3.05138e-05
3.92387e-06
4.06341e-07
3.38866e-08
2.27573e-09
1.23071e-10
5.35938e-12
1.87931e-13
5.30657e-15
1.20662e-16
2.20942e-18
3.25788e-20
3.86845e-22
3.69889e-24
2.84796e-26
1.76574e-28
8.81587e-31
3.54458e-33
1.14772e-35
2.99275e-38
6.28426e-41
1.06499e-43
0
0
0
0
0
0
0
0
0
0
0
0
0
0
0
0
0
0
0
0
0
0
0
0
0
0
0
0
0
0
0
